   2674.     -0.3370E-01
   2660.     -0.1807E-01
   2645.     -0.3198E-01
   2631.     -0.1232E-01
   2617.      0.6799E-02
   2602.      0.7490E-02
   2588.      0.2138E-01
   2574.     -0.1129E-01
   2559.     -0.6185E-02
   2545.      0.1370E-01
   2531.      0.3732E-03
   2516.      0.4303E-02
   2502.      0.4789E-02
   2488.     -0.9150E-02
   2473.     -0.1531E-01
   2459.     -0.1001E-01
   2445.     -0.6174E-02
   2430.      0.7882E-03
   2416.     -0.1648E-01
   2402.     -0.1321E-01
   2387.     -0.1348E-01
   2373.     -0.9173E-02
   2359.      0.5655E-02
   2345.     -0.1423E-02
   2330.      0.7127E-02
   2316.     -0.1070E-01
   2302.      0.1657E-02
   2287.      0.1194E-01
   2273.      0.1620E-01
   2259.      0.1022E-01
   2244.      0.1837E-01
   2230.     -0.6468E-02
   2216.     -0.2007E-01
   2201.     -0.5689E-02
   2187.      0.3015E-03
   2173.      0.4296E-02
   2158.      0.2983E-02
   2144.     -0.3970E-02
   2130.     -0.7057E-02
   2115.     -0.9264E-03
   2101.      0.1315E-02
   2087.     -0.8696E-02
   2072.      0.9720E-02
   2058.      0.2581E-02
   2044.      0.7231E-02
   2030.      0.8179E-03
   2015.      0.6016E-02
   2001.     -0.1821E-01
   1987.      0.1117E-01
   1972.      0.1043E-03
   1958.     -0.1665E-01
   1944.      0.5373E-02
   1929.      0.1463E-01
   1915.      0.5562E-02
   1901.     -0.1127E-02
   1886.      0.2125E-02
   1872.      0.8397E-02
   1858.      0.1512E-02
   1843.      0.5062E-02
   1829.      0.1766E-01
   1815.      0.5443E-02
   1800.      0.4843E-06
   1786.      0.5368E-02
   1772.      0.9939E-02
   1757.      0.4877E-02
   1743.      0.1822E-02
   1729.      0.3202E-01
   1715.     -0.5490E-02
   1700.      0.2785E-02
   1686.      0.1272E-01
   1672.     -0.1260E-01
   1657.      0.7647E-02
   1643.      0.3707E-02
   1629.     -0.1631E-02
   1614.     -0.1164E-01
   1600.      0.8823E-02
   1586.      0.1137E-02
   1571.     -0.7542E-03
   1557.     -0.4584E-02
   1543.      0.3446E-02
   1528.      0.6727E-02
   1514.     -0.6416E-02
   1500.     -0.5570E-02
   1485.     -0.2538E-02
   1471.     -0.1288E-01
   1457.      0.7438E-02
   1442.      0.9529E-02
   1428.     -0.1391E-02
   1414.     -0.1599E-02
   1400.      0.2495E-02
   1385.      0.7645E-02
   1371.      0.1099E-01
   1357.      0.7035E-02
   1342.     -0.3623E-02
   1328.     -0.1777E-03
   1314.     -0.4354E-02
   1299.      0.1075E-01
   1285.      0.5026E-03
   1271.      0.1422E-01
   1256.      0.3691E-02
   1242.      0.5736E-02
   1228.     -0.8935E-04
   1213.      0.1305E-01
   1199.     -0.6430E-02
   1185.     -0.3533E-02
   1170.     -0.2370E-01
   1156.     -0.7465E-02
   1142.     -0.8466E-02
   1127.      0.8607E-02
   1113.      0.2987E-01
   1099.      0.1317E-01
   1085.      0.2038E-01
   1070.      0.5782E-02
   1056.      0.4610E-02
   1042.      0.4671E-02
   1027.     -0.5383E-02
   1013.      0.1247E-01
   998.6     -0.1561E-01
   984.3      0.4066E-03
   970.0      0.1417E-03
   955.7     -0.2151E-01
   941.3      0.1714E-01
   927.0      0.7077E-03
   912.7     -0.1291E-01
   898.4      0.9723E-02
   884.1      0.7630E-02
   869.7      0.1934E-02
   855.4     -0.9044E-03
   841.1      0.8890E-02
   826.8     -0.7242E-02
   812.5      0.3384E-02
   798.2      0.8208E-02
   783.8      0.3914E-02
   769.5     -0.3139E-02
   755.2     -0.3471E-02
   740.9      0.9417E-02
   726.6      0.1504E-01
   712.2     -0.1300E-02
   697.9     -0.1114E-01
   683.6     -0.7980E-02
   669.3     -0.2201E-01
   655.0      0.8259E-02
   640.7      0.2731E-02
   626.3      0.1173E-02
   612.0     -0.5154E-02
   597.7     -0.1343E-01
   583.4     -0.3384E-02
   569.1      0.1885E-02
   554.7     -0.1487E-01
   540.4     -0.9657E-02
   526.1      0.6986E-03
   511.8     -0.9164E-02
   497.5     -0.8626E-02
   483.2     -0.1225E-01
   468.8      0.2781E-02
   454.5     -0.2123E-02
   440.2      0.1343E-01
   425.9      0.1327E-01
   411.6     -0.5477E-02
   397.2      0.1102E-01
   382.9     -0.1760E-02
   368.6      0.1785E-02
   354.3     -0.9309E-02
   340.0      0.7821E-02
   325.6      0.1706E-01
   311.3      0.1060E-03
   297.0      0.6080E-02
   282.7      0.2690E-01
   268.4      0.2951E-01
   254.1      0.3997E-01
   239.7      0.2143E-01
   225.4      0.5049E-01
   211.1      0.7583E-01
   196.8      0.7441E-01
   182.5      0.5784E-01
   168.1      0.5378E-01
   153.8      0.7140E-01
   139.5      0.6122E-01
   125.2      0.6933E-01
   110.9      0.4327E-01
   96.56      0.5535E-01
   82.24      0.3475E-01
   67.92      0.3153E-01
   53.60      0.4432E-01
   39.28      0.5399E-01
   24.96      0.4890E-01
   10.65      0.5897E-01
  -3.672      0.8466E-01
  -17.99      0.7073E-01
  -32.31      0.5033E-01
  -46.63      0.5293E-01
  -60.94      0.5528E-01
  -75.26      0.6120E-01
  -89.58      0.5285E-01
  -103.9      0.3079E-01
  -118.2     -0.8492E-05
  -132.5      0.1259E-01
  -146.9      0.1943E-01
  -161.2     -0.1986E-01
  -175.5      0.2293E-01
  -189.8     -0.6092E-02
  -204.1     -0.2604E-02
  -218.4      0.1111E-02
  -232.8      0.9823E-03
  -247.1      0.3715E-02
  -261.4     -0.9669E-02
  -275.7      0.4935E-02
  -290.0     -0.1341E-01
  -304.4     -0.3951E-02
  -318.7     -0.3424E-02
  -333.0     -0.5083E-04
  -347.3      0.2287E-02
  -361.6     -0.3061E-02
  -375.9     -0.1762E-03
  -390.3     -0.7408E-02
  -404.6     -0.7754E-02
  -418.9     -0.1524E-01
  -433.2     -0.4034E-02
  -447.5     -0.5928E-03
  -461.9      0.1386E-02
  -476.2     -0.8203E-02
  -490.5     -0.8215E-02
  -504.8     -0.2049E-02
  -519.1      0.1904E-01
  -533.4     -0.1853E-01
  -547.8      0.4079E-02
  -562.1      0.9416E-04
  -576.4     -0.1136E-01
  -590.7     -0.7012E-02
  -605.0      0.1562E-01
  -619.4     -0.3449E-02
  -633.7     -0.8813E-02
  -648.0     -0.1395E-01
  -662.3     -0.4977E-02
